{
  "final_mean_stress": 42.70535022575446,
  "final_std_stress": 27.70600564251738,
  "final_max_stress": 90.63720377774942,
  "high_stress_agents": 42.0,
  "peak_mean_usage": 307.16996431137215
}