{
  "lfr_n": 1000,
  "lfr_gamma": 3.0,
  "lfr_beta": 1.5,
  "lfr_mu": 0.1,
  "lfr_avg_degree_target": 10,
  "n_nodes": 1000,
  "n_edges": 5629,
  "density": 0.011269269269269269,
  "avg_degree": 11.258,
  "std_degree": 7.281032619072654,
  "min_degree": 5,
  "max_degree": 77,
  "is_connected": true,
  "n_components": 1,
  "largest_cc_size": 1000,
  "avg_clustering": 0.2063582618663911,
  "transitivity": 0.18013282708980052,
  "diameter": 6,
  "avg_shortest_path": 3.4954374374374373,
  "n_communities": 22,
  "assortativity_persona": 0.8002301373367173
}